28
31
1111111111111111111111111111
1222222222222112222222222221
1211112111112112111112111121
131b01210001211210001210p131
1211112111112112111112111121
1222222222222222222222222221
1211112112111111112112111121
1211112112111111112112111121
1222222112222112222112222221
1111112111110110111112111111
1000012111110110111112100001
1000012110000X00000112100001
1000012110111551110112100001
1111112110110000110112111111
800000200010BPIC010002000009
1111112110110000110112111111
1000012110111111110112100001
1000012110000000000112100001
1000012110111111110112100001
1111112110111111110112111111
1222222222222112222222222221
1211112111112112111112111121
1211112111112112111112111121
13221122222222S2222F22112231
1112112112111111112112112111
1112112112111111112112112111
1222222112222112222112222221
1211111i111121121111c1111121
1211111111112112111111111121
1222222222222222222222222221
1111111111111111111111111111