28
31
1111111111111111111111111111
9222222222222222222222222221
1211112111112112111112111121
131b01210001211210001210p131
1211112111112112111112111121
1222222222222222222222222221
1211112112111111112112111121
1211112112111111112112111121
1222222112222222222112222221
1211112111110110111112111121
1222222111110110111112222221
1211112110000X00000112111121
1222212110111551110112122221
1111212110110000110112121111
122222200010BPIC010002222221
1211112110110000110112111121
1222212110111111110112122221
1111212110000000000112121111
1222212110111111110112122221
1211112110111111110112111121
1222222222222222222222222221
1211112111112112111112111121
1211112111112112111112111121
13221122222222S2222F22112231
1112112112111111112112112111
1112112112111111112112112111
1222222112222222222112222221
1211112111112112111112111121
1211112111112112111112111121
1222222222222222222222222228
1111111111111111111111111111
